0 0.13478260869565217 0.13043478260869565 0.20326086956521738 0.225
0 0.3739130434782609 0.13152173913043477 0.20652173913043478 0.2217391304347826
0 0.6184782608695653 0.12717391304347825 0.19891304347826086 0.2217391304347826
0 0.8717391304347826 0.12282608695652174 0.22934782608695653 0.2217391304347826
0 0.5054347826086957 0.4967391304347826 0.40543478260869564 0.46956521739130436
0 0.9445652173913044 0.3684782608695652 0.08369565217391305 0.2217391304347826
0 0.8010869565217391 0.3793478260869565 0.1108695652173913 0.14782608695652175
0 0.9130434782608695 0.625 0.15 0.2358695652173913
0 0.8923913043478261 0.8521739130434782 0.1967391304347826 0.20326086956521738
0 0.4423913043478261 0.8782608695652174 0.10217391304347827 0.1782608695652174
0 0.32608695652173914 0.8630434782608696 0.125 0.17173913043478262
0 0.12173913043478261 0.8641304347826086 0.20108695652173914 0.22934782608695653
0 0.13043478260869565 0.6184782608695653 0.22934782608695653 0.19891304347826086
0 0.14456521739130435 0.3760869565217391 0.18695652173913044 0.22934782608695653
0 0.6239130434782608 0.8782608695652174 0.1923913043478261 0.225